image_width: 640
image_height: 480
camera_name: sm371
camera_matrix:
  rows: 3
  cols: 3
  data: [428.3159, 0.0, 256.8807,
         0.0, 427.5158, 236.3179,
         0.0, 0.0, 1.0]
distortion_model: plumb_bob
distortion_coefficients:
  rows: 1
  cols: 5
  data: [-0.318536, -0.223270, -0.011478, 0.006962, 0.755028]
rectification_matrix:
  rows: 3
  cols: 3
  data: [1.0, 0.0, 0.0,
         0.0, 1.0, 0.0,
         0.0, 0.0, 1.0]
projection_matrix:
  rows: 3
  cols: 4
  data: [428.3159, 0.0, 256.8807, 0.0,
         0.0, 427.5158, 236.3179, 0.0,
         0.0, 0.0, 1.0, 0.0]
